ENTRY            22397   20251006                             23232239700000001 
SUBENT        22397001   20251006                             23232239700100001 
BIB                 11         30                                 2239700100002 
TITLE      Measurement of the neutron total cross section of 99Tc 2239700100003 
            in the energy range from 3 to 600 eV                  2239700100004 
AUTHOR     (F.Gunsing, A.Brusegan, A.Lepretre, C.Mounier,         2239700100005 
            C.Raepsaet)                                           2239700100006 
INSTITUTE  (2FR SAC,2ZZZGEL)                                      2239700100007 
REFERENCE  (C,97TRIEST,2,1293,1997)                               2239700100008 
           ((S,ISINN-6,133,1998)=(S,JINR-E3-98-202,133,1998))     2239700100009 
FACILITY   (LINAC,2ZZZGEL) GELINA                                 2239700100010 
INC-SOURCE (PHOTO)                                                2239700100011 
           . Electron beam energy:  100 MeV.                      2239700100012 
           . averaged current 20 uA (thin sample), 60 uA (thick   2239700100013 
             sample)                                              2239700100014 
           . pulse length 15 ns (thin sample), 2 ns (thick sample)2239700100015 
           . repetition rate 200 Hz (thin sample), 800 Hz (thick  2239700100016 
             sample)                                              2239700100017 
SAMPLE     99Tc samples with thickness 0.16, 0.44 and 4.0 g/cm2.  2239700100018 
           Effective beam time for these thicknesses are 70, 150  2239700100019 
            and 450 hours.                                        2239700100020 
DETECTOR   (GLASD) NE912 lithium glass detector for neutron       2239700100021 
            detection                                             2239700100022 
METHOD     (TOF) 49.33 m between glass detector and sample        2239700100023 
CORRECTION Corrected for detector dead time and background        2239700100024 
HISTORY    (19980730C)  + +  Compiled by S.M.    + +              2239700100025 
           (20000221A)  + +  Corrected by S.M. - Two Subents      2239700100026 
            added and REACTION code Corrected                     2239700100027 
           (20070108U)  * *  Corrected SM after N.Ohtsuka comment 2239700100028 
           (20201012U) SD: Two versions from Trans.2182 and       2239700100029 
            Trans. 2157 merged. STATUS updated in all Subents.    2239700100030 
            ERR-ANALYS moved to appropriate Subents.              2239700100031 
           (20251006A) On. Major revisions in 002+004. 005 added. 2239700100032 
ENDBIB              30          0                                 2239700100033 
NOCOMMON             0          0                                 2239700100034 
ENDSUBENT           33          0                                 2239700199999 
SUBENT        22397002   20251006                             23232239700200001 
BIB                  6         15                                 2239700200002 
REACTION  1(43-TC-99(N,0),,EN)                                    2239700200003 
          2(43-TC-99(N,G),,WID)                                   2239700200004 
          3(43-TC-99(N,EL),,WID,,G)                               2239700200005 
          4(43-TC-99(N,G),,WID/STR)                               2239700200006 
ASSUMED    (ASSUM,43-TC-99(N,G),,WID)                             2239700200007 
ANALYSIS   (SHAPE) Program REFIT, L=0 assumed.                    2239700200008 
ERR-ANALYS (ERR-S) Statistical error                              2239700200009 
STATUS     (TABLE,,F.Gunsing,C,97TRIEST,,1293,1997) Table 1       2239700200010 
           (SPSDD,22486003) final publication                     2239700200011 
HISTORY    (20000221A) Reaction code corrected                    2239700200012 
           (20070108U) SF2, SF3 fields (N,0) in REACTION pointer  2239700200013 
            4 changed to (N,G)                                    2239700200014 
           (20201012A) SD: STATUS updated. ERR-ANALYS added.      2239700200015 
            SF9=DERIV deleted from REACTION code (4).             2239700200016 
           (20251006A) On. Usage of ASSUM changed. L=0 added.     2239700200017 
ENDBIB              15          0                                 2239700200018 
COMMON               1          3                                 2239700200019 
MOMENTUM L                                                        2239700200020 
NO-DIM                                                            2239700200021 
 0.                                                               2239700200022 
ENDCOMMON            3          0                                 2239700200023 
DATA                 9         69                                 2239700200024 
DATA      1ERR-S     1SPIN J     ASSUM      DATA      2ERR-S     22239700200025 
DATA      3ERR-S      DATA      4                                 2239700200026 
EV         EV         NO-DIM     MILLI-EV   MILLI-EV   MILLI-EV   2239700200027 
MILLI-EV   PER-CENT   MILLI-EV                                    2239700200028 
   5.584    0.001      5.                     149.2      0.5      2239700200029 
  1.864      0.4        1.823                                     2239700200030 
  14.596    0.027      4.         200.                            2239700200031 
  0.0035    12.9        0.004                                     2239700200032 
  20.274               4.                     150.3      1.6      2239700200033 
  3.795      0.4        3.594                                     2239700200034 
  22.371    0.029      4.         200.                            2239700200035 
  0.0052     9.8        0.005                                     2239700200036 
  39.841    0.001      5.                     136.9      1.2      2239700200037 
  0.580      0.4        0.575                                     2239700200038 
  56.677    0.001      4.                     154.6      1.0      2239700200039 
  1.703      0.4        1.662                                     2239700200040 
  58.709    0.038      4.         200.                            2239700200041 
  0.010     11.3        0.01                                      2239700200042 
  61.430    0.012      5.         200.                            2239700200043 
  0.035      3.3        0.035                                     2239700200044 
  67.651    0.010      4.         200.                            2239700200045 
  0.045      2.9        0.045                                     2239700200046 
  80.951    0.012      5.         200.                            2239700200047 
  0.059      2.9        0.059                                     2239700200048 
  81.721    0.012      4.         200.                            2239700200049 
  0.055      3.1        0.055                                     2239700200050 
 102.832    0.059      4.         200.                            2239700200051 
  0.020     12.3        0.02                                      2239700200052 
 109.153    0.042      4.         200.                            2239700200053 
  0.031      7.8        0.031                                     2239700200054 
 111.218    0.001      5.                     150.2      1.2      2239700200055 
  5.348      0.4        5.023                                     2239700200056 
 114.204    0.031      5.         200.                            2239700200057 
  0.038      6.9        0.038                                     2239700200058 
 123.775    0.001      4.                     170.2      1.5      2239700200059 
  1.829      0.3        1.787                                     2239700200060 
 148.336    0.045      5.         200.                            2239700200061 
  0.040      9.1        0.04                                      2239700200062 
 161.289    0.053      5.         200.                            2239700200063 
  0.062     10.4        0.062                                     2239700200064 
 163.017    0.001      5.                     143.0      1.3      2239700200065 
 32.401      0.5        22.947                                    2239700200066 
 173.126    0.032      4.         200.                            2239700200067 
  0.072      6.3        0.072                                     2239700200068 
 177.461    0.048      4.         200.                            2239700200069 
  0.036     11.2        0.036                                     2239700200070 
 182.087    0.001      5.                     183.7      1.0      2239700200071 
 29.563      0.5        22.871                                    2239700200072 
 191.721    0.001      4.                     148.7      1.4      2239700200073 
 20.070      0.5        15.439                                    2239700200074 
 196.330    0.023      5.         200.                            2239700200075 
  0.145      4.0        0.145                                     2239700200076 
 206.406    0.010      4.         200.                            2239700200077 
  0.321      1.9        0.32                                      2239700200078 
 209.941    0.014      5.         200.                            2239700200079 
  0.229      2.7        0.228                                     2239700200080 
 214.834    0.007      4.         200.                            2239700200081 
  0.546      1.2        0.543                                     2239700200082 
 220.604    0.013      5.         200.                            2239700200083 
  0.275      2.4        0.274                                     2239700200084 
 225.982    0.032      5.         200.                            2239700200085 
  0.128      5.4        0.128                                     2239700200086 
 241.212    0.001      4.                     208.5      1.4      2239700200087 
 15.768      0.8        13.499                                    2239700200088 
 261.630    0.044      5.         200.                            2239700200089 
  0.120      6.7        0.12                                      2239700200090 
 273.144    0.018      4.         200.                            2239700200091 
  0.354      2.3        0.352                                     2239700200092 
 279.979    0.001      5.                     210.0      1.9      2239700200093 
  6.694      0.3        6.327                                     2239700200094 
 299.984    0.001      4.                     217.0      1.5      2239700200095 
 15.660      0.3        13.496                                    2239700200096 
 305.039    0.026      4.         200.                            2239700200097 
  0.294      4.3        0.293                                     2239700200098 
 306.811    0.002      5.         200.                            2239700200099 
  7.810      0.3        7.292                                     2239700200100 
 317.689    0.021      4.         200.                            2239700200101 
  0.365      3.2        0.364                                     2239700200102 
 324.609    0.026      5.         200.                            2239700200103 
  0.271      4.8        0.27                                      2239700200104 
 333.138    0.048      4.         200.                            2239700200105 
  0.162      6.6        0.162                                     2239700200106 
 343.209    0.013      5.         200.                            2239700200107 
  0.867      1.7        0.86                                      2239700200108 
 350.129    0.029      5.         200.                            2239700200109 
  0.425      3.7        0.423                                     2239700200110 
 356.032    0.052      4.         200.                            2239700200111 
  0.211      6.6        0.21                                      2239700200112 
 358.651    0.002      4.                     191.6      2.9      2239700200113 
  8.528      0.3        7.76                                      2239700200114 
 362.158    0.018      4.         200.                            2239700200115 
  0.628      2.8        0.624                                     2239700200116 
 364.940    0.001      5.                     282.1      1.7      2239700200117 
 66.275      0.6       46.439                                     2239700200118 
 379.856    0.002      4.                     235.4      2.2      2239700200119 
 11.462      0.3       10.342                                     2239700200120 
 386.086    0.032      5.         200.                            2239700200121 
  0.385      4.4        0.383                                     2239700200122 
 398.104    0.118      4.         200.                            2239700200123 
  0.176      9.5        0.176                                     2239700200124 
 402.710    0.108      5.         200.                            2239700200125 
  0.144     12.5        0.144                                     2239700200126 
 412.916    0.033      5.         200.                            2239700200127 
  0.417      5.0        0.415                                     2239700200128 
 416.817    0.001      5.                     242.8      1.4      2239700200129 
 26.912      0.4       22.398                                     2239700200130 
 426.552    0.001      4.                     210.5      2.0      2239700200131 
 31.739      0.5       23.773                                     2239700200132 
 439.710    0.107      5.         200.                            2239700200133 
  0.150     14.7        0.15                                      2239700200134 
 447.713    0.008      5.         200.                            2239700200135 
  1.211      1.9        1.198                                     2239700200136 
 459.917    0.002      4.                     226.5      2.2      2239700200137 
 18.144      0.3       15.402                                     2239700200138 
 465.465    0.035      5.         200.                            2239700200139 
  0.543      4.3        0.541                                     2239700200140 
 478.789    0.005      4.                     266.4      4.9      2239700200141 
  5.904      0.7        5.627                                     2239700200142 
 486.585    0.008      5.         200.                            2239700200143 
  2.900      1.0        2.826                                     2239700200144 
 507.616    0.087      4.         200.                            2239700200145 
  0.270      9.8        0.269                                     2239700200146 
 516.443    0.005      5.                     253.1      6.0      2239700200147 
  5.946      0.8        5.702                                     2239700200148 
 520.570    0.002      4.                     249.7      2.7      2239700200149 
 16.187      0.4       14.148                                     2239700200150 
 527.397    0.035      5.         200.                            2239700200151 
  0.814      3.7        0.808                                     2239700200152 
 536.615    0.003      4.                     287.8      2.7      2239700200153 
 13.869      0.4       12.527                                     2239700200154 
 563.237    0.007      5.         200.                            2239700200155 
  4.414      0.8        4.243                                     2239700200156 
 567.037    0.050      5.         200.                            2239700200157 
  0.697      5.0        0.692                                     2239700200158 
 588.720    0.117      5.         200.                            2239700200159 
  0.276     12.1        0.275                                     2239700200160 
 593.729    0.013      4.         200.                            2239700200161 
  2.629      1.4        2.555                                     2239700200162 
 598.261    0.003      5.                     458.9      2.1      2239700200163 
 16.489      0.4       15.478                                     2239700200164 
 606.769    0.003      4.                     263.5      3.2      2239700200165 
 16.929      0.4       14.814                                     2239700200166 
ENDDATA            142          0                                 2239700200167 
ENDSUBENT          166          0                                 2239700299999 
SUBENT        22397003   20251006                             23232239700300001 
BIB                  4          7                                 2239700300002 
REACTION   (43-TC-99(N,G),,WID,,AV)                               2239700300003 
ERR-ANALYS (ERR-S) Statistical error                              2239700300004 
STATUS     (TABLE,,F.Gunsing+,S,ISINN-6,133,1998)                 2239700300005 
            text in p.135                                         2239700300006 
           (DEP,22397002)                                         2239700300007 
HISTORY    (20000221C) Compiled by SM                             2239700300008 
           (20201012U) SD: STATUS updated. ERR-ANALYS added.      2239700300009 
ENDBIB               7          0                                 2239700300010 
NOCOMMON             0          0                                 2239700300011 
DATA                 3          1                                 2239700300012 
EN-MAX     DATA       ERR-S                                       2239700300013 
EV         MILLI-EV   PER-CENT                                    2239700300014 
 200.       149.       7.                                         2239700300015 
ENDDATA              3          0                                 2239700300016 
ENDSUBENT           15          0                                 2239700399999 
SUBENT        22397004   20251006                             23232239700400001 
BIB                  5         12                                 2239700400002 
REACTION  1(43-TC-99(N,0),,EN)                                    2239700400003 
          2(43-TC-99(N,EL),,WID,,G)                               2239700400004 
          3(43-TC-99(N,0),,J)                                     2239700400005 
ANALYSIS   (SHAPE) Program REFIT, L=0 assumed.                    2239700400006 
ASSUMED    (ASSUM,43-TC-99(N,G),,WID,,AV)                         2239700400007 
STATUS     (TABLE,,F.Gunsing+,S,ISINN-6,133,1998) Table 1         2239700400008 
           (DEP,22397003) averaged capture width (149 meV)        2239700400009 
           (SPSDD,22486003) final publication for Er < 1 keV      2239700400010 
           (SPSDD,22397005) Spin for Er > 1 keV                   2239700400011 
HISTORY    (20000221C) Compiled by SM                             2239700400012 
           (20201012U) SD: STATUS updated.                        2239700400013 
           (20251006A) On. Superseded.                            2239700400014 
ENDBIB              12          0                                 2239700400015 
COMMON               2          3                                 2239700400016 
ASSUM      MOMENTUM L                                             2239700400017 
MILLI-EV   NO-DIM                                                 2239700400018 
 149.       0.                                                    2239700400019 
ENDCOMMON            3          0                                 2239700400020 
DATA                 3         51                                 2239700400021 
DATA      1DATA      2DATA      3                                 2239700400022 
EV         MILLI-EV   NO-DIM                                      2239700400023 
    5.6       1.9      5.                                         2239700400024 
   20.3       4.4      4.                                         2239700400025 
   39.8       0.6      5.                                         2239700400026 
   56.7       1.8      4.                                         2239700400027 
  112.2       5.6      5.                                         2239700400028 
  123.8       1.9      4.                                         2239700400029 
  163.0      33.5      5.                                         2239700400030 
  182.1      31.8      4.                                         2239700400031 
  191.7      20.8      5.                                         2239700400032 
  241.2      17.5      4.                                         2239700400033 
  280.0       6.8      4.                                         2239700400034 
  300.0      16.6      4.                                         2239700400035 
  306.8       7.9      5.                                         2239700400036 
  358.6       8.8      4.                                         2239700400037 
  364.9      77.2      5.                                         2239700400038 
  379.8      11.6      5.                                         2239700400039 
  416.8      27.7      4.                                         2239700400040 
  426.5      33.4      5.                                         2239700400041 
  459.9      18.8      4.                                         2239700400042 
  478.8       5.6      4.                                         2239700400043 
  486.6       2.9      5.                                         2239700400044 
  516.4       5.9      4.                                         2239700400045 
  520.6      16.3      5.                                         2239700400046 
  536.6      13.9      4.                                         2239700400047 
  563.2       4.3      5.                                         2239700400048 
  593.7       2.7      4.                                         2239700400049 
  598.2      14.5      5.                                         2239700400050 
  606.8      17.       4.                                         2239700400051 
  654.7      20.7      4.                                         2239700400052 
  672.2      11.6      5.                                         2239700400053 
  745.4      52.2      4.                                         2239700400054 
  753.6      27.6      4.                                         2239700400055 
  805.6      14.9      5.                                         2239700400056 
  815.9      13.3      5.                                         2239700400057 
  838.7      54.       4.                                         2239700400058 
  847.3      26.7      4.                                         2239700400059 
  892.7      62.9      4.                                         2239700400060 
  994.8      19.7      4.                                         2239700400061 
 1020.9      11.8      5.                                         2239700400062 
 1045.5      16.9      4.                                         2239700400063 
 1083.8     171.4      5.                                         2239700400064 
 1136.4      45.3      5.                                         2239700400065 
 1179.6      52.3      5.                                         2239700400066 
 1201.6      66.4      4.                                         2239700400067 
 1266.1      28.       5.                                         2239700400068 
 1281.7      48.2      5.                                         2239700400069 
 1425.3      17.5      5.                                         2239700400070 
 1439.8      18.2      4.                                         2239700400071 
 1443.4     127.1      5.                                         2239700400072 
 1475.5     146.3      5.                                         2239700400073 
 1547.0      89.1      4.                                         2239700400074 
ENDDATA             53          0                                 2239700400075 
ENDSUBENT           74          0                                 2239700499999 
SUBENT        22397005   20251006                             23232239700500001 
BIB                  5         10                                 2239700500002 
REACTION  1(43-TC-99(N,0),,EN)                                    2239700500003 
          2(43-TC-99(N,0),,J)                                     2239700500004 
ANALYSIS   (SHAPE) Program REFIT, L=0 assumed.                    2239700500005 
COMMENT    *By Frank Gunsing (2025-10-06):                        2239700500006 
           The resonance analysis in the PRC paper ends at 1 keV, 2239700500007 
            but spins for resonances in the ISINN paper go up to  2239700500008 
            1.5 keV. So it might be worth to add the Er>1 keV     2239700500009 
            spins.                                                2239700500010 
STATUS     (TABLE,,F.Gunsing+,S,ISINN-6,133,1998) Table 1         2239700500011 
HISTORY    (20251006C) On. J values above 1 keV copied from 004.  2239700500012 
ENDBIB              10          0                                 2239700500013 
NOCOMMON             0          0                                 2239700500014 
DATA                 2         13                                 2239700500015 
DATA      1DATA      2                                            2239700500016 
EV         NO-DIM                                                 2239700500017 
 1020.9     5.                                                    2239700500018 
 1045.5     4.                                                    2239700500019 
 1083.8     5.                                                    2239700500020 
 1136.4     5.                                                    2239700500021 
 1179.6     5.                                                    2239700500022 
 1201.6     4.                                                    2239700500023 
 1266.1     5.                                                    2239700500024 
 1281.7     5.                                                    2239700500025 
 1425.3     5.                                                    2239700500026 
 1439.8     4.                                                    2239700500027 
 1443.4     5.                                                    2239700500028 
 1475.5     5.                                                    2239700500029 
 1547.0     4.                                                    2239700500030 
ENDDATA             15          0                                 2239700500031 
ENDSUBENT           30          0                                 2239700599999 
ENDENTRY             5          0                                 2239799999999 
